2	00112233
3	00112323
4	00112332
5	00113223
6	00113232
7	00113322
8	00121233
9	00121323
10	00121332
11	00122133
12	00122313
13	00122331
14	00123123
15	00123132
16	00123213
17	00123231
18	00123312
19	00123321
20	00131223
21	00131232
22	00131322
23	00132123
24	00132132
25	00132213
26	00132231
27	00132312
28	00132321
29	00133122
30	00133212
31	00133221
32	00211233
33	00211323
34	00211332
35	00212133
36	00212313
37	00212331
38	00213123
39	00213132
40	00213213
41	00213231
42	00213312
43	00213321
44	00221133
45	00221313
46	00221331
47	00223113
48	00223131
49	00223311
50	00231123
51	00231132
52	00231213
53	00231231
54	00231312
55	00231321
56	00232113
57	00232131
58	00232311
59	00233112
60	00233121
61	00233211
62	00311223
63	00311232
64	00311322
65	00312123
66	00312132
67	00312213
68	00312231
69	00312312
70	00312321
71	00313122
72	00313212
73	00313221
74	00321123
75	00321132
76	00321213
77	00321231
78	00321312
79	00321321
80	00322113
81	00322131
82	00322311
83	00323112
84	00323121
85	00323211
86	00331122
87	00331212
88	00331221
89	00332112
90	00332121
91	00332211
92	01012233
93	01012323
94	01012332
95	01013223
96	01013232
97	01013322
98	01021233
99	01021323
100	01021332
101	01022133
102	01022313
103	01022331
104	01023123
105	01023132
106	01023213
107	01023231
108	01023312
109	01023321
110	01031223
111	01031232
112	01031322
113	01032123
114	01032132
115	01032213
116	01032231
117	01032312
118	01032321
119	01033122
120	01033212
121	01033221
122	01102233
123	01102323
124	01102332
125	01103223
126	01103232
127	01103322
128	01120233
129	01120323
130	01120332
131	01122033
132	01122303
133	01122330
134	01123023
135	01123032
136	01123203
137	01123230
138	01123302
139	01123320
140	01130223
141	01130232
142	01130322
143	01132023
144	01132032
145	01132203
146	01132230
147	01132302
148	01132320
149	01133022
150	01133202
151	01133220
152	01201233
153	01201323
154	01201332
155	01202133
156	01202313
157	01202331
158	01203123
159	01203132
160	01203213
161	01203231
162	01203312
163	01203321
164	01210233
165	01210323
166	01210332
167	01212033
168	01212303
169	01212330
170	01213023
171	01213032
172	01213203
173	01213230
174	01213302
175	01213320
176	01220133
177	01220313
178	01220331
179	01221033
180	01221303
181	01221330
182	01223013
183	01223031
184	01223103
185	01223130
186	01223301
187	01223310
188	01230123
189	01230132
190	01230213
191	01230231
192	01230312
193	01230321
194	01231023
195	01231032
196	01231203
197	01231230
198	01231302
199	01231320
200	01232013
201	01232031
202	01232103
203	01232130
204	01232301
205	01232310
206	01233012
207	01233021
208	01233102
209	01233120
210	01233201
211	01233210
212	01301223
213	01301232
214	01301322
215	01302123
216	01302132
217	01302213
218	01302231
219	01302312
220	01302321
221	01303122
222	01303212
223	01303221
224	01310223
225	01310232
226	01310322
227	01312023
228	01312032
229	01312203
230	01312230
231	01312302
232	01312320
233	01313022
234	01313202
235	01313220
236	01320123
237	01320132
238	01320213
239	01320231
240	01320312
241	01320321
242	01321023
243	01321032
244	01321203
245	01321230
246	01321302
247	01321320
248	01322013
249	01322031
250	01322103
251	01322130
252	01322301
253	01322310
254	01323012
255	01323021
256	01323102
257	01323120
258	01323201
259	01323210
260	01330122
261	01330212
262	01330221
263	01331022
264	01331202
265	01331220
266	01332012
267	01332021
268	01332102
269	01332120
270	01332201
271	01332210
272	02011233
273	02011323
274	02011332
275	02012133
276	02012313
277	02012331
278	02013123
279	02013132
280	02013213
281	02013231
282	02013312
283	02013321
284	02021133
285	02021313
286	02021331
287	02023113
288	02023131
289	02023311
290	02031123
291	02031132
292	02031213
293	02031231
294	02031312
295	02031321
296	02032113
297	02032131
298	02032311
299	02033112
300	02033121
301	02033211
302	02101233
303	02101323
304	02101332
305	02102133
306	02102313
307	02102331
308	02103123
309	02103132
310	02103213
311	02103231
312	02103312
313	02103321
314	02110233
315	02110323
316	02110332
317	02112033
318	02112303
319	02112330
320	02113023
321	02113032
322	02113203
323	02113230
324	02113302
325	02113320
326	02120133
327	02120313
328	02120331
329	02121033
330	02121303
331	02121330
332	02123013
333	02123031
334	02123103
335	02123130
336	02123301
337	02123310
338	02130123
339	02130132
340	02130213
341	02130231
342	02130312
343	02130321
344	02131023
345	02131032
346	02131203
347	02131230
348	02131302
349	02131320
350	02132013
351	02132031
352	02132103
353	02132130
354	02132301
355	02132310
356	02133012
357	02133021
358	02133102
359	02133120
360	02133201
361	02133210
362	02201133
363	02201313
364	02201331
365	02203113
366	02203131
367	02203311
368	02210133
369	02210313
370	02210331
371	02211033
372	02211303
373	02211330
374	02213013
375	02213031
376	02213103
377	02213130
378	02213301
379	02213310
380	02230113
381	02230131
382	02230311
383	02231013
384	02231031
385	02231103
386	02231130
387	02231301
388	02231310
389	02233011
390	02233101
391	02233110
392	02301123
393	02301132
394	02301213
395	02301231
396	02301312
397	02301321
398	02302113
399	02302131
400	02302311
401	02303112
402	02303121
403	02303211
404	02310123
405	02310132
406	02310213
407	02310231
408	02310312
409	02310321
410	02311023
411	02311032
412	02311203
413	02311230
414	02311302
415	02311320
416	02312013
417	02312031
418	02312103
419	02312130
420	02312301
421	02312310
422	02313012
423	02313021
424	02313102
425	02313120
426	02313201
427	02313210
428	02320113
429	02320131
430	02320311
431	02321013
432	02321031
433	02321103
434	02321130
435	02321301
436	02321310
437	02323011
438	02323101
439	02323110
440	02330112
441	02330121
442	02330211
443	02331012
444	02331021
445	02331102
446	02331120
447	02331201
448	02331210
449	02332011
450	02332101
451	02332110
452	03011223
453	03011232
454	03011322
455	03012123
456	03012132
457	03012213
458	03012231
459	03012312
460	03012321
461	03013122
462	03013212
463	03013221
464	03021123
465	03021132
466	03021213
467	03021231
468	03021312
469	03021321
470	03022113
471	03022131
472	03022311
473	03023112
474	03023121
475	03023211
476	03031122
477	03031212
478	03031221
479	03032112
480	03032121
481	03032211
482	03101223
483	03101232
484	03101322
485	03102123
486	03102132
487	03102213
488	03102231
489	03102312
490	03102321
491	03103122
492	03103212
493	03103221
494	03110223
495	03110232
496	03110322
497	03112023
498	03112032
499	03112203
500	03112230
501	03112302
502	03112320
503	03113022
504	03113202
505	03113220
506	03120123
507	03120132
508	03120213
509	03120231
510	03120312
511	03120321
512	03121023
513	03121032
514	03121203
515	03121230
516	03121302
517	03121320
518	03122013
519	03122031
520	03122103
521	03122130
522	03122301
523	03122310
524	03123012
525	03123021
526	03123102
527	03123120
528	03123201
529	03123210
530	03130122
531	03130212
532	03130221
533	03131022
534	03131202
535	03131220
536	03132012
537	03132021
538	03132102
539	03132120
540	03132201
541	03132210
542	03201123
543	03201132
544	03201213
545	03201231
546	03201312
547	03201321
548	03202113
549	03202131
550	03202311
551	03203112
552	03203121
553	03203211
554	03210123
555	03210132
556	03210213
557	03210231
558	03210312
559	03210321
560	03211023
561	03211032
562	03211203
563	03211230
564	03211302
565	03211320
566	03212013
567	03212031
568	03212103
569	03212130
570	03212301
571	03212310
572	03213012
573	03213021
574	03213102
575	03213120
576	03213201
577	03213210
578	03220113
579	03220131
580	03220311
581	03221013
582	03221031
583	03221103
584	03221130
585	03221301
586	03221310
587	03223011
588	03223101
589	03223110
590	03230112
591	03230121
592	03230211
593	03231012
594	03231021
595	03231102
596	03231120
597	03231201
598	03231210
599	03232011
600	03232101
601	03232110
602	03301122
603	03301212
604	03301221
605	03302112
606	03302121
607	03302211
608	03310122
609	03310212
610	03310221
611	03311022
612	03311202
613	03311220
614	03312012
615	03312021
616	03312102
617	03312120
618	03312201
619	03312210
620	03320112
621	03320121
622	03320211
623	03321012
624	03321021
625	03321102
626	03321120
627	03321201
628	03321210
629	03322011
630	03322101
631	03322110
632	10012233
633	10012323
634	10012332
635	10013223
636	10013232
637	10013322
638	10021233
639	10021323
640	10021332
641	10022133
642	10022313
643	10022331
644	10023123
645	10023132
646	10023213
647	10023231
648	10023312
649	10023321
650	10031223
651	10031232
652	10031322
653	10032123
654	10032132
655	10032213
656	10032231
657	10032312
658	10032321
659	10033122
660	10033212
661	10033221
662	10102233
663	10102323
664	10102332
665	10103223
666	10103232
667	10103322
668	10120233
669	10120323
670	10120332
671	10122033
672	10122303
673	10122330
674	10123023
675	10123032
676	10123203
677	10123230
678	10123302
679	10123320
680	10130223
681	10130232
682	10130322
683	10132023
684	10132032
685	10132203
686	10132230
687	10132302
688	10132320
689	10133022
690	10133202
691	10133220
692	10201233
693	10201323
694	10201332
695	10202133
696	10202313
697	10202331
698	10203123
699	10203132
700	10203213
701	10203231
702	10203312
703	10203321
704	10210233
705	10210323
706	10210332
707	10212033
708	10212303
709	10212330
710	10213023
711	10213032
712	10213203
713	10213230
714	10213302
715	10213320
716	10220133
717	10220313
718	10220331
719	10221033
720	10221303
721	10221330
722	10223013
723	10223031
724	10223103
725	10223130
726	10223301
727	10223310
728	10230123
729	10230132
730	10230213
731	10230231
732	10230312
733	10230321
734	10231023
735	10231032
736	10231203
737	10231230
738	10231302
739	10231320
740	10232013
741	10232031
742	10232103
743	10232130
744	10232301
745	10232310
746	10233012
747	10233021
748	10233102
749	10233120
750	10233201
751	10233210
752	10301223
753	10301232
754	10301322
755	10302123
756	10302132
757	10302213
758	10302231
759	10302312
760	10302321
761	10303122
762	10303212
763	10303221
764	10310223
765	10310232
766	10310322
767	10312023
768	10312032
769	10312203
770	10312230
771	10312302
772	10312320
773	10313022
774	10313202
775	10313220
776	10320123
777	10320132
778	10320213
779	10320231
780	10320312
781	10320321
782	10321023
783	10321032
784	10321203
785	10321230
786	10321302
787	10321320
788	10322013
789	10322031
790	10322103
791	10322130
792	10322301
793	10322310
794	10323012
795	10323021
796	10323102
797	10323120
798	10323201
799	10323210
800	10330122
801	10330212
802	10330221
803	10331022
804	10331202
805	10331220
806	10332012
807	10332021
808	10332102
809	10332120
810	10332201
811	10332210
812	11002233
813	11002323
814	11002332
815	11003223
816	11003232
817	11003322
818	11020233
819	11020323
820	11020332
821	11022033
822	11022303
823	11022330
824	11023023
825	11023032
826	11023203
827	11023230
828	11023302
829	11023320
830	11030223
831	11030232
832	11030322
833	11032023
834	11032032
835	11032203
836	11032230
837	11032302
838	11032320
839	11033022
840	11033202
841	11033220
842	11200233
843	11200323
844	11200332
845	11202033
846	11202303
847	11202330
848	11203023
849	11203032
850	11203203
851	11203230
852	11203302
853	11203320
854	11220033
855	11220303
856	11220330
857	11223003
858	11223030
859	11223300
860	11230023
861	11230032
862	11230203
863	11230230
864	11230302
865	11230320
866	11232003
867	11232030
868	11232300
869	11233002
870	11233020
871	11233200
872	11300223
873	11300232
874	11300322
875	11302023
876	11302032
877	11302203
878	11302230
879	11302302
880	11302320
881	11303022
882	11303202
883	11303220
884	11320023
885	11320032
886	11320203
887	11320230
888	11320302
889	11320320
890	11322003
891	11322030
892	11322300
893	11323002
894	11323020
895	11323200
896	11330022
897	11330202
898	11330220
899	11332002
900	11332020
901	11332200
902	12001233
903	12001323
904	12001332
905	12002133
906	12002313
907	12002331
908	12003123
909	12003132
910	12003213
911	12003231
912	12003312
913	12003321
914	12010233
915	12010323
916	12010332
917	12012033
918	12012303
919	12012330
920	12013023
921	12013032
922	12013203
923	12013230
924	12013302
925	12013320
926	12020133
927	12020313
928	12020331
929	12021033
930	12021303
931	12021330
932	12023013
933	12023031
934	12023103
935	12023130
936	12023301
937	12023310
938	12030123
939	12030132
940	12030213
941	12030231
942	12030312
943	12030321
944	12031023
945	12031032
946	12031203
947	12031230
948	12031302
949	12031320
950	12032013
951	12032031
952	12032103
953	12032130
954	12032301
955	12032310
956	12033012
957	12033021
958	12033102
959	12033120
960	12033201
961	12033210
962	12100233
963	12100323
964	12100332
965	12102033
966	12102303
967	12102330
968	12103023
969	12103032
970	12103203
971	12103230
972	12103302
973	12103320
974	12120033
975	12120303
976	12120330
977	12123003
978	12123030
979	12123300
980	12130023
981	12130032
982	12130203
983	12130230
984	12130302
985	12130320
986	12132003
987	12132030
988	12132300
989	12133002
990	12133020
991	12133200
992	12200133
993	12200313
994	12200331
995	12201033
996	12201303
997	12201330
998	12203013
999	12203031
1000	12203103
1001	12203130
1003	12203301
1004	12203310
1005	12210033
1006	12210303
1007	12210330
1008	12213003
1009	12213030
1010	12213300
1011	12230013
1012	12230031
1013	12230103
1014	12230130
1015	12230301
1016	12230310
1017	12231003
1018	12231030
1019	12231300
1020	12233001
1021	12233010
1022	12233100
1023	12300123
1024	12300132
1025	12300213
1026	12300231
1027	12300312
1028	12300321
1029	12301023
1030	12301032
1031	12301203
1032	12301230
1033	12301302
1034	12301320
1035	12302013
1036	12302031
1037	12302103
1038	12302130
1039	12302301
1040	12302310
1041	12303012
1042	12303021
1043	12303102
1044	12303120
1045	12303201
1046	12303210
1047	12310023
1048	12310032
1049	12310203
1050	12310230
1051	12310302
1052	12310320
1053	12312003
1054	12312030
1055	12312300
1056	12313002
1057	12313020
1058	12313200
1059	12320013
1060	12320031
1061	12320103
1062	12320130
1063	12320301
1064	12320310
1065	12321003
1066	12321030
1067	12321300
1068	12323001
1069	12323010
1070	12323100
1071	12330012
1072	12330021
1073	12330102
1074	12330120
1075	12330201
1076	12330210
1077	12331002
1078	12331020
1079	12331200
1080	12332001
1081	12332010
1082	12332100
1083	13001223
1084	13001232
1085	13001322
1086	13002123
1087	13002132
1088	13002213
1089	13002231
1090	13002312
1091	13002321
1092	13003122
1093	13003212
1094	13003221
1095	13010223
1096	13010232
1097	13010322
1098	13012023
1099	13012032
1100	13012203
1101	13012230
1102	13012302
1103	13012320
1104	13013022
1105	13013202
1106	13013220
1107	13020123
1108	13020132
1109	13020213
1110	13020231
1111	13020312
1112	13020321
1113	13021023
1114	13021032
1115	13021203
1116	13021230
1117	13021302
1118	13021320
1119	13022013
1120	13022031
1121	13022103
1122	13022130
1123	13022301
1124	13022310
1125	13023012
1126	13023021
1127	13023102
1128	13023120
1129	13023201
1130	13023210
1131	13030122
1132	13030212
1133	13030221
1134	13031022
1135	13031202
1136	13031220
1137	13032012
1138	13032021
1139	13032102
1140	13032120
1141	13032201
1142	13032210
1143	13100223
1144	13100232
1145	13100322
1146	13102023
1147	13102032
1148	13102203
1149	13102230
1150	13102302
1151	13102320
1152	13103022
1153	13103202
1154	13103220
1155	13120023
1156	13120032
1157	13120203
1158	13120230
1159	13120302
1160	13120320
1161	13122003
1162	13122030
1163	13122300
1164	13123002
1165	13123020
1166	13123200
1167	13130022
1168	13130202
1169	13130220
1170	13132002
1171	13132020
1172	13132200
1173	13200123
1174	13200132
1175	13200213
1176	13200231
1177	13200312
1178	13200321
1179	13201023
1180	13201032
1181	13201203
1182	13201230
1183	13201302
1184	13201320
1185	13202013
1186	13202031
1187	13202103
1188	13202130
1189	13202301
1190	13202310
1191	13203012
1192	13203021
1193	13203102
1194	13203120
1195	13203201
1196	13203210
1197	13210023
1198	13210032
1199	13210203
1200	13210230
1201	13210302
1202	13210320
1203	13212003
1204	13212030
1205	13212300
1206	13213002
1207	13213020
1208	13213200
1209	13220013
1210	13220031
1211	13220103
1212	13220130
1213	13220301
1214	13220310
1215	13221003
1216	13221030
1217	13221300
1218	13223001
1219	13223010
1220	13223100
1221	13230012
1222	13230021
1223	13230102
1224	13230120
1225	13230201
1226	13230210
1227	13231002
1228	13231020
1229	13231200
1230	13232001
1231	13232010
1232	13232100
1233	13300122
1234	13300212
1235	13300221
1236	13301022
1237	13301202
1238	13301220
1239	13302012
1240	13302021
1241	13302102
1242	13302120
1243	13302201
1244	13302210
1245	13310022
1246	13310202
1247	13310220
1248	13312002
1249	13312020
1250	13312200
1251	13320012
1252	13320021
1253	13320102
1254	13320120
1255	13320201
1256	13320210
1257	13321002
1258	13321020
1259	13321200
1260	13322001
1261	13322010
1262	13322100
1263	20011233
1264	20011323
1265	20011332
1266	20012133
1267	20012313
1268	20012331
1269	20013123
1270	20013132
1271	20013213
1272	20013231
1273	20013312
1274	20013321
1275	20021133
1276	20021313
1277	20021331
1278	20023113
1279	20023131
1280	20023311
1281	20031123
1282	20031132
1283	20031213
1284	20031231
1285	20031312
1286	20031321
1287	20032113
1288	20032131
1289	20032311
1290	20033112
1291	20033121
1292	20033211
1293	20101233
1294	20101323
1295	20101332
1296	20102133
1297	20102313
1298	20102331
1299	20103123
1300	20103132
1301	20103213
1302	20103231
1303	20103312
1304	20103321
1305	20110233
1306	20110323
1307	20110332
1308	20112033
1309	20112303
1310	20112330
1311	20113023
1312	20113032
1313	20113203
1314	20113230
1315	20113302
1316	20113320
1317	20120133
1318	20120313
1319	20120331
1320	20121033
1321	20121303
1322	20121330
1323	20123013
1324	20123031
1325	20123103
1326	20123130
1327	20123301
1328	20123310
1329	20130123
1330	20130132
1331	20130213
1332	20130231
1333	20130312
1334	20130321
1335	20131023
1336	20131032
1337	20131203
1338	20131230
1339	20131302
1340	20131320
1341	20132013
1342	20132031
1343	20132103
1344	20132130
1345	20132301
1346	20132310
1347	20133012
1348	20133021
1349	20133102
1350	20133120
1351	20133201
1352	20133210
1353	20201133
1354	20201313
1355	20201331
1356	20203113
1357	20203131
1358	20203311
1359	20210133
1360	20210313
1361	20210331
1362	20211033
1363	20211303
1364	20211330
1365	20213013
1366	20213031
1367	20213103
1368	20213130
1369	20213301
1370	20213310
1371	20230113
1372	20230131
1373	20230311
1374	20231013
1375	20231031
1376	20231103
1377	20231130
1378	20231301
1379	20231310
1380	20233011
1381	20233101
1382	20233110
1383	20301123
1384	20301132
1385	20301213
1386	20301231
1387	20301312
1388	20301321
1389	20302113
1390	20302131
1391	20302311
1392	20303112
1393	20303121
1394	20303211
1395	20310123
1396	20310132
1397	20310213
1398	20310231
1399	20310312
1400	20310321
1401	20311023
1402	20311032
1403	20311203
1404	20311230
1405	20311302
1406	20311320
1407	20312013
1408	20312031
1409	20312103
1410	20312130
1411	20312301
1412	20312310
1413	20313012
1414	20313021
1415	20313102
1416	20313120
1417	20313201
1418	20313210
1419	20320113
1420	20320131
1421	20320311
1422	20321013
1423	20321031
1424	20321103
1425	20321130
1426	20321301
1427	20321310
1428	20323011
1429	20323101
1430	20323110
1431	20330112
1432	20330121
1433	20330211
1434	20331012
1435	20331021
1436	20331102
1437	20331120
1438	20331201
1439	20331210
1440	20332011
1441	20332101
1442	20332110
1443	21001233
1444	21001323
1445	21001332
1446	21002133
1447	21002313
1448	21002331
1449	21003123
1450	21003132
1451	21003213
1452	21003231
1453	21003312
1454	21003321
1455	21010233
1456	21010323
1457	21010332
1458	21012033
1459	21012303
1460	21012330
1461	21013023
1462	21013032
1463	21013203
1464	21013230
1465	21013302
1466	21013320
1467	21020133
1468	21020313
1469	21020331
1470	21021033
1471	21021303
1472	21021330
1473	21023013
1474	21023031
1475	21023103
1476	21023130
1477	21023301
1478	21023310
1479	21030123
1480	21030132
1481	21030213
1482	21030231
1483	21030312
1484	21030321
1485	21031023
1486	21031032
1487	21031203
1488	21031230
1489	21031302
1490	21031320
1491	21032013
1492	21032031
1493	21032103
1494	21032130
1495	21032301
1496	21032310
1497	21033012
1498	21033021
1499	21033102
1500	21033120
1501	21033201
1502	21033210
1503	21100233
1504	21100323
1505	21100332
1506	21102033
1507	21102303
1508	21102330
1509	21103023
1510	21103032
1511	21103203
1512	21103230
1513	21103302
1514	21103320
1515	21120033
1516	21120303
1517	21120330
1518	21123003
1519	21123030
1520	21123300
1521	21130023
1522	21130032
1523	21130203
1524	21130230
1525	21130302
1526	21130320
1527	21132003
1528	21132030
1529	21132300
1530	21133002
1531	21133020
1532	21133200
1533	21200133
1534	21200313
1535	21200331
1536	21201033
1537	21201303
1538	21201330
1539	21203013
1540	21203031
1541	21203103
1542	21203130
1543	21203301
1544	21203310
1545	21210033
1546	21210303
1547	21210330
1548	21213003
1549	21213030
1550	21213300
1551	21230013
1552	21230031
1553	21230103
1554	21230130
1555	21230301
1556	21230310
1557	21231003
1558	21231030
1559	21231300
1560	21233001
1561	21233010
1562	21233100
1563	21300123
1564	21300132
1565	21300213
1566	21300231
1567	21300312
1568	21300321
1569	21301023
1570	21301032
1571	21301203
1572	21301230
1573	21301302
1574	21301320
1575	21302013
1576	21302031
1577	21302103
1578	21302130
1579	21302301
1580	21302310
1581	21303012
1582	21303021
1583	21303102
1584	21303120
1585	21303201
1586	21303210
1587	21310023
1588	21310032
1589	21310203
1590	21310230
1591	21310302
1592	21310320
1593	21312003
1594	21312030
1595	21312300
1596	21313002
1597	21313020
1598	21313200
1599	21320013
1600	21320031
1601	21320103
1602	21320130
1603	21320301
1604	21320310
1605	21321003
1606	21321030
1607	21321300
1608	21323001
1609	21323010
1610	21323100
1611	21330012
1612	21330021
1613	21330102
1614	21330120
1615	21330201
1616	21330210
1617	21331002
1618	21331020
1619	21331200
1620	21332001
1621	21332010
1622	21332100
1623	22001133
1624	22001313
1625	22001331
1626	22003113
1627	22003131
1628	22003311
1629	22010133
1630	22010313
1631	22010331
1632	22011033
1633	22011303
1634	22011330
1635	22013013
1636	22013031
1637	22013103
1638	22013130
1639	22013301
1640	22013310
1641	22030113
1642	22030131
1643	22030311
1644	22031013
1645	22031031
1646	22031103
1647	22031130
1648	22031301
1649	22031310
1650	22033011
1651	22033101
1652	22033110
1653	22100133
1654	22100313
1655	22100331
1656	22101033
1657	22101303
1658	22101330
1659	22103013
1660	22103031
1661	22103103
1662	22103130
1663	22103301
1664	22103310
1665	22110033
1666	22110303
1667	22110330
1668	22113003
1669	22113030
1670	22113300
1671	22130013
1672	22130031
1673	22130103
1674	22130130
1675	22130301
1676	22130310
1677	22131003
1678	22131030
1679	22131300
1680	22133001
1681	22133010
1682	22133100
1683	22300113
1684	22300131
1685	22300311
1686	22301013
1687	22301031
1688	22301103
1689	22301130
1690	22301301
1691	22301310
1692	22303011
1693	22303101
1694	22303110
1695	22310013
1696	22310031
1697	22310103
1698	22310130
1699	22310301
1700	22310310
1701	22311003
1702	22311030
1703	22311300
1704	22313001
1705	22313010
1706	22313100
1707	22330011
1708	22330101
1709	22330110
1710	22331001
1711	22331010
1712	22331100
1713	23001123
1714	23001132
1715	23001213
1716	23001231
1717	23001312
1718	23001321
1719	23002113
1720	23002131
1721	23002311
1722	23003112
1723	23003121
1724	23003211
1725	23010123
1726	23010132
1727	23010213
1728	23010231
1729	23010312
1730	23010321
1731	23011023
1732	23011032
1733	23011203
1734	23011230
1735	23011302
1736	23011320
1737	23012013
1738	23012031
1739	23012103
1740	23012130
1741	23012301
1742	23012310
1743	23013012
1744	23013021
1745	23013102
1746	23013120
1747	23013201
1748	23013210
1749	23020113
1750	23020131
1751	23020311
1752	23021013
1753	23021031
1754	23021103
1755	23021130
1756	23021301
1757	23021310
1758	23023011
1759	23023101
1760	23023110
1761	23030112
1762	23030121
1763	23030211
1764	23031012
1765	23031021
1766	23031102
1767	23031120
1768	23031201
1769	23031210
1770	23032011
1771	23032101
1772	23032110
1773	23100123
1774	23100132
1775	23100213
1776	23100231
1777	23100312
1778	23100321
1779	23101023
1780	23101032
1781	23101203
1782	23101230
1783	23101302
1784	23101320
1785	23102013
1786	23102031
1787	23102103
1788	23102130
1789	23102301
1790	23102310
1791	23103012
1792	23103021
1793	23103102
1794	23103120
1795	23103201
1796	23103210
1797	23110023
1798	23110032
1799	23110203
1800	23110230
1801	23110302
1802	23110320
1803	23112003
1804	23112030
1805	23112300
1806	23113002
1807	23113020
1808	23113200
1809	23120013
1810	23120031
1811	23120103
1812	23120130
1813	23120301
1814	23120310
1815	23121003
1816	23121030
1817	23121300
1818	23123001
1819	23123010
1820	23123100
1821	23130012
1822	23130021
1823	23130102
1824	23130120
1825	23130201
1826	23130210
1827	23131002
1828	23131020
1829	23131200
1830	23132001
1831	23132010
1832	23132100
1833	23200113
1834	23200131
1835	23200311
1836	23201013
1837	23201031
1838	23201103
1839	23201130
1840	23201301
1841	23201310
1842	23203011
1843	23203101
1844	23203110
1845	23210013
1846	23210031
1847	23210103
1848	23210130
1849	23210301
1850	23210310
1851	23211003
1852	23211030
1853	23211300
1854	23213001
1855	23213010
1856	23213100
1857	23230011
1858	23230101
1859	23230110
1860	23231001
1861	23231010
1862	23231100
1863	23300112
1864	23300121
1865	23300211
1866	23301012
1867	23301021
1868	23301102
1869	23301120
1870	23301201
1871	23301210
1872	23302011
1873	23302101
1874	23302110
1875	23310012
1876	23310021
1877	23310102
1878	23310120
1879	23310201
1880	23310210
1881	23311002
1882	23311020
1883	23311200
1884	23312001
1885	23312010
1886	23312100
1887	23320011
1888	23320101
1889	23320110
1890	23321001
1891	23321010
1892	23321100
1893	30011223
1894	30011232
1895	30011322
1896	30012123
1897	30012132
1898	30012213
1899	30012231
1900	30012312
1901	30012321
1902	30013122
1903	30013212
1904	30013221
1905	30021123
1906	30021132
1907	30021213
1908	30021231
1909	30021312
1910	30021321
1911	30022113
1912	30022131
1913	30022311
1914	30023112
1915	30023121
1916	30023211
1917	30031122
1918	30031212
1919	30031221
1920	30032112
1921	30032121
1922	30032211
1923	30101223
1924	30101232
1925	30101322
1926	30102123
1927	30102132
1928	30102213
1929	30102231
1930	30102312
1931	30102321
1932	30103122
1933	30103212
1934	30103221
1935	30110223
1936	30110232
1937	30110322
1938	30112023
1939	30112032
1940	30112203
1941	30112230
1942	30112302
1943	30112320
1944	30113022
1945	30113202
1946	30113220
1947	30120123
1948	30120132
1949	30120213
1950	30120231
1951	30120312
1952	30120321
1953	30121023
1954	30121032
1955	30121203
1956	30121230
1957	30121302
1958	30121320
1959	30122013
1960	30122031
1961	30122103
1962	30122130
1963	30122301
1964	30122310
1965	30123012
1966	30123021
1967	30123102
1968	30123120
1969	30123201
1970	30123210
1971	30130122
1972	30130212
1973	30130221
1974	30131022
1975	30131202
1976	30131220
1977	30132012
1978	30132021
1979	30132102
1980	30132120
1981	30132201
1982	30132210
1983	30201123
1984	30201132
1985	30201213
1986	30201231
1987	30201312
1988	30201321
1989	30202113
1990	30202131
1991	30202311
1992	30203112
1993	30203121
1994	30203211
1995	30210123
1996	30210132
1997	30210213
1998	30210231
1999	30210312
2000	30210321
2001	30211023
2002	30211032
2004	30211203
2005	30211230
2006	30211302
2007	30211320
2008	30212013
2009	30212031
2010	30212103
2011	30212130
2012	30212301
2013	30212310
2014	30213012
2015	30213021
2016	30213102
2017	30213120
2018	30213201
2019	30213210
2020	30220113
2021	30220131
2022	30220311
2023	30221013
2024	30221031
2025	30221103
2026	30221130
2027	30221301
2028	30221310
2029	30223011
2030	30223101
2031	30223110
2032	30230112
2033	30230121
2034	30230211
2035	30231012
2036	30231021
2037	30231102
2038	30231120
2039	30231201
2040	30231210
2041	30232011
2042	30232101
2043	30232110
2044	30301122
2045	30301212
2046	30301221
2047	30302112
2048	30302121
2049	30302211
2050	30310122
2051	30310212
2052	30310221
2053	30311022
2054	30311202
2055	30311220
2056	30312012
2057	30312021
2058	30312102
2059	30312120
2060	30312201
2061	30312210
2062	30320112
2063	30320121
2064	30320211
2065	30321012
2066	30321021
2067	30321102
2068	30321120
2069	30321201
2070	30321210
2071	30322011
2072	30322101
2073	30322110
2074	31001223
2075	31001232
2076	31001322
2077	31002123
2078	31002132
2079	31002213
2080	31002231
2081	31002312
2082	31002321
2083	31003122
2084	31003212
2085	31003221
2086	31010223
2087	31010232
2088	31010322
2089	31012023
2090	31012032
2091	31012203
2092	31012230
2093	31012302
2094	31012320
2095	31013022
2096	31013202
2097	31013220
2098	31020123
2099	31020132
2100	31020213
2101	31020231
2102	31020312
2103	31020321
2104	31021023
2105	31021032
2106	31021203
2107	31021230
2108	31021302
2109	31021320
2110	31022013
2111	31022031
2112	31022103
2113	31022130
2114	31022301
2115	31022310
2116	31023012
2117	31023021
2118	31023102
2119	31023120
2120	31023201
2121	31023210
2122	31030122
2123	31030212
2124	31030221
2125	31031022
2126	31031202
2127	31031220
2128	31032012
2129	31032021
2130	31032102
2131	31032120
2132	31032201
2133	31032210
2134	31100223
2135	31100232
2136	31100322
2137	31102023
2138	31102032
2139	31102203
2140	31102230
2141	31102302
2142	31102320
2143	31103022
2144	31103202
2145	31103220
2146	31120023
2147	31120032
2148	31120203
2149	31120230
2150	31120302
2151	31120320
2152	31122003
2153	31122030
2154	31122300
2155	31123002
2156	31123020
2157	31123200
2158	31130022
2159	31130202
2160	31130220
2161	31132002
2162	31132020
2163	31132200
2164	31200123
2165	31200132
2166	31200213
2167	31200231
2168	31200312
2169	31200321
2170	31201023
2171	31201032
2172	31201203
2173	31201230
2174	31201302
2175	31201320
2176	31202013
2177	31202031
2178	31202103
2179	31202130
2180	31202301
2181	31202310
2182	31203012
2183	31203021
2184	31203102
2185	31203120
2186	31203201
2187	31203210
2188	31210023
2189	31210032
2190	31210203
2191	31210230
2192	31210302
2193	31210320
2194	31212003
2195	31212030
2196	31212300
2197	31213002
2198	31213020
2199	31213200
2200	31220013
2201	31220031
2202	31220103
2203	31220130
2204	31220301
2205	31220310
2206	31221003
2207	31221030
2208	31221300
2209	31223001
2210	31223010
2211	31223100
2212	31230012
2213	31230021
2214	31230102
2215	31230120
2216	31230201
2217	31230210
2218	31231002
2219	31231020
2220	31231200
2221	31232001
2222	31232010
2223	31232100
2224	31300122
2225	31300212
2226	31300221
2227	31301022
2228	31301202
2229	31301220
2230	31302012
2231	31302021
2232	31302102
2233	31302120
2234	31302201
2235	31302210
2236	31310022
2237	31310202
2238	31310220
2239	31312002
2240	31312020
2241	31312200
2242	31320012
2243	31320021
2244	31320102
2245	31320120
2246	31320201
2247	31320210
2248	31321002
2249	31321020
2250	31321200
2251	31322001
2252	31322010
2253	31322100
2254	32001123
2255	32001132
2256	32001213
2257	32001231
2258	32001312
2259	32001321
2260	32002113
2261	32002131
2262	32002311
2263	32003112
2264	32003121
2265	32003211
2266	32010123
2267	32010132
2268	32010213
2269	32010231
2270	32010312
2271	32010321
2272	32011023
2273	32011032
2274	32011203
2275	32011230
2276	32011302
2277	32011320
2278	32012013
2279	32012031
2280	32012103
2281	32012130
2282	32012301
2283	32012310
2284	32013012
2285	32013021
2286	32013102
2287	32013120
2288	32013201
2289	32013210
2290	32020113
2291	32020131
2292	32020311
2293	32021013
2294	32021031
2295	32021103
2296	32021130
2297	32021301
2298	32021310
2299	32023011
2300	32023101
2301	32023110
2302	32030112
2303	32030121
2304	32030211
2305	32031012
2306	32031021
2307	32031102
2308	32031120
2309	32031201
2310	32031210
2311	32032011
2312	32032101
2313	32032110
2314	32100123
2315	32100132
2316	32100213
2317	32100231
2318	32100312
2319	32100321
2320	32101023
2321	32101032
2322	32101203
2323	32101230
2324	32101302
2325	32101320
2326	32102013
2327	32102031
2328	32102103
2329	32102130
2330	32102301
2331	32102310
2332	32103012
2333	32103021
2334	32103102
2335	32103120
2336	32103201
2337	32103210
2338	32110023
2339	32110032
2340	32110203
2341	32110230
2342	32110302
2343	32110320
2344	32112003
2345	32112030
2346	32112300
2347	32113002
2348	32113020
2349	32113200
2350	32120013
2351	32120031
2352	32120103
2353	32120130
2354	32120301
2355	32120310
2356	32121003
2357	32121030
2358	32121300
2359	32123001
2360	32123010
2361	32123100
2362	32130012
2363	32130021
2364	32130102
2365	32130120
2366	32130201
2367	32130210
2368	32131002
2369	32131020
2370	32131200
2371	32132001
2372	32132010
2373	32132100
2374	32200113
2375	32200131
2376	32200311
2377	32201013
2378	32201031
2379	32201103
2380	32201130
2381	32201301
2382	32201310
2383	32203011
2384	32203101
2385	32203110
2386	32210013
2387	32210031
2388	32210103
2389	32210130
2390	32210301
2391	32210310
2392	32211003
2393	32211030
2394	32211300
2395	32213001
2396	32213010
2397	32213100
2398	32230011
2399	32230101
2400	32230110
2401	32231001
2402	32231010
2403	32231100
2404	32300112
2405	32300121
2406	32300211
2407	32301012
2408	32301021
2409	32301102
2410	32301120
2411	32301201
2412	32301210
2413	32302011
2414	32302101
2415	32302110
2416	32310012
2417	32310021
2418	32310102
2419	32310120
2420	32310201
2421	32310210
2422	32311002
2423	32311020
2424	32311200
2425	32312001
2426	32312010
2427	32312100
2428	32320011
2429	32320101
2430	32320110
2431	32321001
2432	32321010
2433	32321100
2434	33001122
2435	33001212
2436	33001221
2437	33002112
2438	33002121
2439	33002211
2440	33010122
2441	33010212
2442	33010221
2443	33011022
2444	33011202
2445	33011220
2446	33012012
2447	33012021
2448	33012102
2449	33012120
2450	33012201
2451	33012210
2452	33020112
2453	33020121
2454	33020211
2455	33021012
2456	33021021
2457	33021102
2458	33021120
2459	33021201
2460	33021210
2461	33022011
2462	33022101
2463	33022110
2464	33100122
2465	33100212
2466	33100221
2467	33101022
2468	33101202
2469	33101220
2470	33102012
2471	33102021
2472	33102102
2473	33102120
2474	33102201
2475	33102210
2476	33110022
2477	33110202
2478	33110220
2479	33112002
2480	33112020
2481	33112200
2482	33120012
2483	33120021
2484	33120102
2485	33120120
2486	33120201
2487	33120210
2488	33121002
2489	33121020
2490	33121200
2491	33122001
2492	33122010
2493	33122100
2494	33200112
2495	33200121
2496	33200211
2497	33201012
2498	33201021
2499	33201102
2500	33201120
2501	33201201
2502	33201210
2503	33202011
2504	33202101
2505	33202110
2506	33210012
2507	33210021
2508	33210102
2509	33210120
2510	33210201
2511	33210210
2512	33211002
2513	33211020
2514	33211200
2515	33212001
2516	33212010
2517	33212100
2518	33220011
2519	33220101
2520	33220110
2521	33221001
2522	33221010
2524	33221100
2	000011111111
3	000101111111
4	000110111111
5	000111011111
6	000111101111
7	000111110111
8	000111111011
9	000111111101
10	000111111110
11	001001111111
12	001010111111
13	001011011111
14	001011101111
15	001011110111
16	001011111011
17	001011111101
18	001011111110
19	001100111111
20	001101011111
21	001101101111
22	001101110111
23	001101111011
24	001101111101
25	001101111110
26	001110011111
27	001110101111
28	001110110111
29	001110111011
30	001110111101
31	001110111110
32	001111001111
33	001111010111
34	001111011011
35	001111011101
36	001111011110
37	001111100111
38	001111101011
39	001111101101
40	001111101110
41	001111110011
42	001111110101
43	001111110110
44	001111111001
45	001111111010
46	001111111100
47	010001111111
48	010010111111
49	010011011111
50	010011101111
51	010011110111
52	010011111011
53	010011111101
54	010011111110
55	010100111111
56	010101011111
57	010101101111
58	010101110111
59	010101111011
60	010101111101
61	010101111110
62	010110011111
63	010110101111
64	010110110111
65	010110111011
66	010110111101
67	010110111110
68	010111001111
69	010111010111
70	010111011011
71	010111011101
72	010111011110
73	010111100111
74	010111101011
75	010111101101
76	010111101110
77	010111110011
78	010111110101
79	010111110110
80	010111111001
81	010111111010
82	010111111100
83	011000111111
84	011001011111
85	011001101111
86	011001110111
87	011001111011
88	011001111101
89	011001111110
90	011010011111
91	011010101111
92	011010110111
93	011010111011
94	011010111101
95	011010111110
96	011011001111
97	011011010111
98	011011011011
99	011011011101
100	011011011110
101	011011100111
102	011011101011
103	011011101101
104	011011101110
105	011011110011
106	011011110101
107	011011110110
108	011011111001
109	011011111010
110	011011111100
111	011100011111
112	011100101111
113	011100110111
114	011100111011
115	011100111101
116	011100111110
117	011101001111
118	011101010111
119	011101011011
120	011101011101
121	011101011110
122	011101100111
123	011101101011
124	011101101101
125	011101101110
126	011101110011
127	011101110101
128	011101110110
129	011101111001
130	011101111010
131	011101111100
132	011110001111
133	011110010111
134	011110011011
135	011110011101
136	011110011110
137	011110100111
138	011110101011
139	011110101101
140	011110101110
141	011110110011
142	011110110101
143	011110110110
144	011110111001
145	011110111010
146	011110111100
147	011111000111
148	011111001011
149	011111001101
150	011111001110
151	011111010011
152	011111010101
153	011111010110
154	011111011001
155	011111011010
156	011111011100
157	011111100011
158	011111100101
159	011111100110
160	011111101001
161	011111101010
162	011111101100
163	011111110001
164	011111110010
165	011111110100
166	011111111000
167	100001111111
168	100010111111
169	100011011111
170	100011101111
171	100011110111
172	100011111011
173	100011111101
174	100011111110
175	100100111111
176	100101011111
177	100101101111
178	100101110111
179	100101111011
180	100101111101
181	100101111110
182	100110011111
183	100110101111
184	100110110111
185	100110111011
186	100110111101
187	100110111110
188	100111001111
189	100111010111
190	100111011011
191	100111011101
192	100111011110
193	100111100111
194	100111101011
195	100111101101
196	100111101110
197	100111110011
198	100111110101
199	100111110110
200	100111111001
201	100111111010
202	100111111100
203	101000111111
204	101001011111
205	101001101111
206	101001110111
207	101001111011
208	101001111101
209	101001111110
210	101010011111
211	101010101111
212	101010110111
213	101010111011
214	101010111101
215	101010111110
216	101011001111
217	101011010111
218	101011011011
219	101011011101
220	101011011110
221	101011100111
222	101011101011
223	101011101101
224	101011101110
225	101011110011
226	101011110101
227	101011110110
228	101011111001
229	101011111010
230	101011111100
231	101100011111
232	101100101111
233	101100110111
234	101100111011
235	101100111101
236	101100111110
237	101101001111
238	101101010111
239	101101011011
240	101101011101
241	101101011110
242	101101100111
243	101101101011
244	101101101101
245	101101101110
246	101101110011
247	101101110101
248	101101110110
249	101101111001
250	101101111010
251	101101111100
252	101110001111
253	101110010111
254	101110011011
255	101110011101
256	101110011110
257	101110100111
258	101110101011
259	101110101101
260	101110101110
261	101110110011
262	101110110101
263	101110110110
264	101110111001
265	101110111010
266	101110111100
267	101111000111
268	101111001011
269	101111001101
270	101111001110
271	101111010011
272	101111010101
273	101111010110
274	101111011001
275	101111011010
276	101111011100
277	101111100011
278	101111100101
279	101111100110
280	101111101001
281	101111101010
282	101111101100
283	101111110001
284	101111110010
285	101111110100
286	101111111000
287	110000111111
288	110001011111
289	110001101111
290	110001110111
291	110001111011
292	110001111101
293	110001111110
294	110010011111
295	110010101111
296	110010110111
297	110010111011
298	110010111101
299	110010111110
300	110011001111
301	110011010111
302	110011011011
303	110011011101
304	110011011110
305	110011100111
306	110011101011
307	110011101101
308	110011101110
309	110011110011
310	110011110101
311	110011110110
312	110011111001
313	110011111010
314	110011111100
315	110100011111
316	110100101111
317	110100110111
318	110100111011
319	110100111101
320	110100111110
321	110101001111
322	110101010111
323	110101011011
324	110101011101
325	110101011110
326	110101100111
327	110101101011
328	110101101101
329	110101101110
330	110101110011
331	110101110101
332	110101110110
333	110101111001
334	110101111010
335	110101111100
336	110110001111
337	110110010111
338	110110011011
339	110110011101
340	110110011110
341	110110100111
342	110110101011
343	110110101101
344	110110101110
345	110110110011
346	110110110101
347	110110110110
348	110110111001
349	110110111010
350	110110111100
351	110111000111
352	110111001011
353	110111001101
354	110111001110
355	110111010011
356	110111010101
357	110111010110
358	110111011001
359	110111011010
360	110111011100
361	110111100011
362	110111100101
363	110111100110
364	110111101001
365	110111101010
366	110111101100
367	110111110001
368	110111110010
369	110111110100
370	110111111000
371	111000011111
372	111000101111
373	111000110111
374	111000111011
375	111000111101
376	111000111110
377	111001001111
378	111001010111
379	111001011011
380	111001011101
381	111001011110
382	111001100111
383	111001101011
384	111001101101
385	111001101110
386	111001110011
387	111001110101
388	111001110110
389	111001111001
390	111001111010
391	111001111100
392	111010001111
393	111010010111
394	111010011011
395	111010011101
396	111010011110
397	111010100111
398	111010101011
399	111010101101
400	111010101110
401	111010110011
402	111010110101
403	111010110110
404	111010111001
405	111010111010
406	111010111100
407	111011000111
408	111011001011
409	111011001101
410	111011001110
411	111011010011
412	111011010101
413	111011010110
414	111011011001
415	111011011010
416	111011011100
417	111011100011
418	111011100101
419	111011100110
420	111011101001
421	111011101010
422	111011101100
423	111011110001
424	111011110010
425	111011110100
426	111011111000
427	111100001111
428	111100010111
429	111100011011
430	111100011101
431	111100011110
432	111100100111
433	111100101011
434	111100101101
435	111100101110
436	111100110011
437	111100110101
438	111100110110
439	111100111001
440	111100111010
441	111100111100
442	111101000111
443	111101001011
444	111101001101
445	111101001110
446	111101010011
447	111101010101
448	111101010110
449	111101011001
450	111101011010
451	111101011100
452	111101100011
453	111101100101
454	111101100110
455	111101101001
456	111101101010
457	111101101100
458	111101110001
459	111101110010
460	111101110100
461	111101111000
462	111110000111
463	111110001011
464	111110001101
465	111110001110
466	111110010011
467	111110010101
468	111110010110
469	111110011001
470	111110011010
471	111110011100
472	111110100011
473	111110100101
474	111110100110
475	111110101001
476	111110101010
477	111110101100
478	111110110001
479	111110110010
480	111110110100
481	111110111000
482	111111000011
483	111111000101
484	111111000110
485	111111001001
486	111111001010
487	111111001100
488	111111010001
489	111111010010
490	111111010100
491	111111011000
492	111111100001
493	111111100010
494	111111100100
495	111111101000
497	111111110000
2	001122
3	001212
4	001221
5	002112
6	002121
7	002211
8	010122
9	010212
10	010221
11	011022
12	011202
13	011220
14	012012
15	012021
16	012102
17	012120
18	012201
19	012210
20	020112
21	020121
22	020211
23	021012
24	021021
25	021102
26	021120
27	021201
28	021210
29	022011
30	022101
31	022110
32	100122
33	100212
34	100221
35	101022
36	101202
37	101220
38	102012
39	102021
40	102102
41	102120
42	102201
43	102210
44	110022
45	110202
46	110220
47	112002
48	112020
49	112200
50	120012
51	120021
52	120102
53	120120
54	120201
55	120210
56	121002
57	121020
58	121200
59	122001
60	122010
61	122100
62	200112
63	200121
64	200211
65	201012
66	201021
67	201102
68	201120
69	201201
70	201210
71	202011
72	202101
73	202110
74	210012
75	210021
76	210102
77	210120
78	210201
79	210210
80	211002
81	211020
82	211200
83	212001
84	212010
85	212100
86	220011
87	220101
88	220110
89	221001
90	221010
92	221100
